208864 44 0
14242 51 1
190339 53 2
55332 61 3
143809 62 4
163470 63 5
195318 47 6
46410 55 7
113920 30 8
77785 26 9
132896 38 10
205729 56 11
145045 37 12
63706 68 13
156280 59 14
2519 56 15
213735 45 16
16479 46 17
68 41 18
207996 66 19
29924 34 20
215085 63 21
132827 33 22
58332 61 23
188211 20 24
46863 48 25
118950 61 26
178529 51 27
140945 43 28
14965 55 29
122993 56 30
71100 42 31
98350 58 32
11001 57 33
121622 39 34
106207 41 35
102277 58 36
138230 50 37
189265 22 38
81620 41 39
1568 55 40
55394 72 41
165287 54 42
142266 63 43
94183 54 44
184107 42 45
37069 55 46
107128 34 47
151351 55 48
131856 58 49
198362 41 50
164596 58 51
40673 44 52
95465 35 53
197146 28 54
57749 66 55
119552 35 56
65726 48 57
44945 68 58
3881 48 59
191139 69 60
135927 60 61
110093 44 62
123372 51 63
92117 66 64
41779 67 65
4192 60 66
156437 38 67
170294 52 68
215539 54 69
189604 44 70
38815 56 71
53296 57 72
67624 49 73
133085 57 74
54561 28 75
216157 59 76
76914 60 77
160059 48 78
83881 60 79
164692 59 80
46708 39 81
125294 45 82
76668 45 83
136778 56 84
40232 58 85
73015 46 86
28806 52 87
152479 44 88
154182 54 89
93524 41 90
79910 68 91
91388 46 92
199953 58 93
127307 58 94
209746 62 95
137288 39 96
19995 55 97
60668 54 98
65381 37 99
207898 36 100
35541 44 101
168946 61 102
100534 47 103
209801 60 104
124791 53 105
138448 49 106
98541 42 107
103329 63 108
138183 62 109
2167 39 110
33094 37 111
49617 49 112
168061 38 113
40863 40 114
16363 32 115
139329 26 116
99070 30 117
119934 55 118
201710 60 119
195038 47 120
33547 40 121
29996 23 122
82410 31 123
61181 48 124
76838 48 125
175720 34 126
50656 55 127
41495 43 128
61529 56 129
13409 51 130
2583 40 131
22830 43 132
79793 50 133
56404 34 134
160772 51 135
176219 61 136
189723 66 137
65252 72 138
28459 59 139
123682 51 140
31509 55 141
1091 39 142
38901 45 143
213470 68 144
149646 55 145
197913 38 146
3552 43 147
89321 49 148
151505 55 149
39883 50 150
93762 52 151
12958 34 152
94920 54 153
151395 46 154
145683 43 155
127204 45 156
85395 34 157
186221 57 158
70912 41 159
69106 46 160
26045 57 161
84547 56 162
206599 50 163
187730 35 164
174814 35 165
64846 33 166
120364 56 167
175533 55 168
67732 63 169
23513 64 170
19953 49 171
99170 69 172
218744 57 173
