208864 44 0
24813 68 1
42843 64 2
87257 48 3
164508 59 4
148770 25 5
195051 49 6
159703 50 7
84961 52 8
124893 67 9
83382 44 10
157981 65 11
163271 36 12
134009 59 13
134372 63 14
166244 28 15
162234 33 16
197410 60 17
137462 40 18
212636 57 19
30474 71 20
22865 50 21
61951 54 22
107432 27 23
93367 22 24
149009 44 25
126058 46 26
162440 20 27
125877 53 28
28733 42 29
11977 68 30
92321 65 31
166456 62 32
11001 57 33
93850 51 34
200972 39 35
55971 56 36
194794 64 37
78336 50 38
152767 46 39
111066 52 40
201362 29 41
219800 50 42
67096 49 43
26012 57 44
92502 56 45
175597 55 46
210559 44 47
71060 70 48
139118 54 49
27664 64 50
95695 53 51
90446 53 52
48378 62 53
213919 43 54
15415 56 55
119552 35 56
185387 38 57
119378 57 59
143961 66 60
219665 31 61
93845 54 62
219102 60 63
220079 54 64
149782 48 65
81006 42 66
115409 48 67
173028 44 68
10711 37 69
53153 66 70
31940 54 72
138625 67 73
171805 49 74
204196 59 75
44698 52 76
98600 52 77
142675 33 78
202743 58 79
157303 40 80
53508 55 81
200287 41 82
202783 45 83
198202 51 84
36907 55 85
172977 41 86
68874 59 87
186777 40 89
20293 45 90
185336 59 91
142326 45 92
187496 55 93
97982 65 94
75635 39 95
79373 29 96
199375 67 97
138665 67 98
27457 35 99
32993 38 100
161316 43 101
118229 45 102
76639 54 103
97237 35 104
45963 41 105
116624 53 106
117781 60 107
215523 55 108
138102 51 109
60060 36 110
75045 52 111
210725 48 112
206745 38 113
70290 61 114
115921 51 115
73713 47 116
169397 32 117
33296 61 118
188056 66 119
188191 57 120
19431 42 121
163830 55 122
150353 36 123
59824 56 124
37970 22 125
88799 49 126
32650 61 127
128832 26 128
29260 51 129
63638 40 130
215596 55 131
217049 59 132
123789 58 133
156497 34 134
126243 40 135
217193 54 137
216243 58 138
187881 41 139
161318 61 140
42838 70 141
83910 62 142
134546 47 143
120673 61 144
149648 62 145
162387 43 146
10514 54 147
181183 49 148
129865 64 149
14270 26 150
67557 47 151
182272 27 152
95742 27 153
122099 44 154
22596 40 155
115324 28 156
151082 32 157
64454 58 158
159644 38 159
177531 69 160
111090 38 161
199714 67 162
31027 41 163
186572 44 164
12462 41 165
116978 42 166
120364 56 167
175533 55 168
38160 61 169
12399 52 170
126890 44 171
51138 53 172
60716 55 173
